5871
2408
4943
2324
2353
2303
2888
2812
9945
2474
2454
6176
2492
6452
2880
4958
9904
4904
2376
2352
2890
2357
6269
2912
4938
3406
2887
2834
3045
2915
3034
2330
3019
2337
2881
2344
9941
2412
2618
2449
2313
5880
2383
2885
2103
2892
2317
2884
2823
9914
2498
3532
1227
2606
2882
3481
3682
9933
2883
1101
1590
3673
1536
6414
2345
3443
2379
3702
2106
2002
2801
2327
1301
2891
2308
2448
2633
1605
1722
3706
2227
2377
2049
1402
2886
2409
6456
6239
2301
1319
1303
1717
2845
2867
6505
3044
1789
2382
2354
4915
2615
6116
1476
5264
3008
2201
2105
2439
2603
1326
5522
2809
2542
6285
6409
9910
1723
9921
2441
1477
1314
3231
1504
1909
2395
2360
2356
6415
2231
1434
1229
1102
2723
2059
2451
2347
2610
2385
1216
9917
2371
9938
8454
8464
2204
1802
2015